109,5
109,4
109,3
109,2
109,1
109,0
108,3
108,2
108,1
108,0
107,3
107,2
107,1
107,0
0,530
0,529
106,8
106,7
106,6
106,5
106,4
106,3
106,2
106,1
106,0
0,528
105,8
105,7
105,6
105,5
105,4
105,3
105,2
105,1
105,0
104,8
104,7
104,6
104,5
104,4
104,3
104,2
104,1
104,0
0,527
103,7
103,6
103,5
103,4
103,3
103,2
103,1
103,0
0,526
102,4
102,3
102,2
0,525
102,1
102,0
101,4
101,3
101,2
0,524
101,1
101,0
100,6
100,5
100,4
100,3
100,2
100,1
100,0
0,523
99,6
99,5
99,4
99,3
99,2
99,1
99,0
0,522
98,5
98,4
98,3
98,2
0,521
98,1
98,0
97,5
97,4
97,3
97,2
97,1
97,0
96,4
96,3
96,2
96,1
96,0
95,4
95,3
95,2
95,1
95,0
94,7
94,6
94,5
94,4
94,3
94,2
94,1
94,0
93,7
93,6
93,5
93,4
93,3
93,2
93,1
93,0
92,7
92,6
92,5
92,4
92,3
92,2
92,1
92,0
91,3
91,2
0,520
91,1
91,0
90,3
90,2
90,1
90,0
0,519
89,6
89,5
89,4
89,3
89,2
0,518
89,1
89,0
88,4
88,3
88,2
88,1
88,0
87,4
87,3
87,2
87,1
87,0
86,4
86,3
86,2
86,1
86,0
62,4
62,2
62,0
62,1
62,3
85,4
85,3
85,2
85,1
85,0
84,6
84,5
84,4
84,3
84,2
84,1
84,0
83,6
83,5
